255 255 255 255 255 255 255 255 255 255 255 255 255 255 255 255
255 255 255 255 240 173 174 176 176 174 173 240 255 255 255 255
255 255 255 198 177 251 255 255 255 255 251 177 198 255 255 255
255 255 198 205 255 255 255 255 255 255 255 255 205 198 255 255
255 241 177 255 255 255 255 255 255 255 255 255 255 177 241 255
255 173 251 255 255 255 255 255 255 255 255 255 255 251 173 255
255 175 255 255 255 255 255 255 255 255 255 255 255 255 174 255
255 176 255 255 255 255 255 255 255 255 255 255 255 255 176 255
255 176 255 255 255 255 255 209 253 255 255 255 255 255 176 255
255 174 255 255 255 231 252 185 250 255 239 239 255 255 174 255
255 173 251 255 208 112 190 124 217 136 136 250 255 251 173 255
255 241 177 255 248 112 226 105 254 122 141 255 255 177 241 255
255 255 198 205 220 221 112 104 254 125  89 228 205 198 255 255
255 255 255 198 176 154 193 125 211 183 243 177 198 255 255 255
255 255 255 255 241 173 174 176 176 174 173 241 255 255 255 255
255 255 255 255 255 255 255 255 255 255 255 255 255 255 255 255
255 255 255 255 255 255 255 255 255 255 255 255 255 255 255 255
255 255 255 255 240 172 173 175 175 173 172 240 255 255 255 255
255 255 255 198 176 251 255 255 255 255 251 176 198 255 255 255
255 255 198 205 255 255 255 255 255 255 255 255 205 198 255 255
255 240 176 255 255 255 255 255 255 255 255 255 255 176 240 255
255 173 251 255 255 255 255 255 255 255 255 255 255 251 172 255
255 173 255 255 255 255 255 255 255 255 255 255 255 255 173 255
255 175 255 255 255 255 255 255 255 255 255 255 255 255 175 255
255 175 255 255 255 255 255 209 253 255 255 255 255 255 175 255
255 173 255 255 255 231 252 185 250 255 239 239 255 255 173 255
255 172 251 255 208 112 190 124 217 136 136 250 255 251 172 255
255 240 176 255 248 112 226 105 254 122 141 255 255 176 240 255
255 255 198 205 220 221 112 104 254 125  89 228 205 198 255 255
255 255 255 198 175 154 193 125 211 183 243 176 198 255 255 255
255 255 255 255 240 172 173 175 175 173 172 240 255 255 255 255
255 255 255 255 255 255 255 255 255 255 255 255 255 255 255 255
255 255 255 255 255 255 255 255 255 255 255 255 255 255 255 255
255 255 255 255 240 171 172 174 174 172 171 240 255 255 255 255
255 255 255 197 175 251 255 255 255 255 251 175 197 255 255 255
255 255 197 204 255 255 255 255 255 255 255 255 204 197 255 255
255 240 175 255 255 255 255 255 255 255 255 255 255 175 240 255
255 171 251 255 255 255 255 255 255 255 255 255 255 251 171 255
255 172 255 255 255 255 255 255 255 255 255 255 255 255 172 255
255 174 255 255 255 255 255 255 255 255 255 255 255 255 174 255
255 174 255 255 255 255 255 209 253 255 255 255 255 255 174 255
255 172 255 255 255 231 252 185 250 255 239 239 255 255 172 255
255 171 251 255 208 112 190 124 217 136 136 250 255 251 171 255
255 240 175 255 248 112 226 105 254 122 141 255 255 175 240 255
255 255 197 204 220 221 112 104 254 125  89 228 204 197 255 255
255 255 255 197 173 154 193 125 211 183 243 175 197 255 255 255
255 255 255 255 240 171 172 174 174 172 171 240 255 255 255 255
255 255 255 255 255 255 255 255 255 255 255 255 255 255 255 255

255 255 255 255 255 255 255 255 255 255 255 255 255 255 255 255
255 255 255 255 241 173 174 176 176 174 173 241 255 255 255 255
255 255 255 198 177 251 255 255 255 255 251 177 198 255 255 255
255 255 198 205 255 255 255 255 255 255 255 255 205 198 255 255
255 240 177 255 255 255 255 255 255 239 250 255 228 177 241 255
255 173 251 255 255 255 255 255 255 239 136 141  89 243 173 255
255 174 255 255 255 255 255 255 255 255 136 122 125 183 174 255
255 176 255 255 255 255 255 255 253 250 217 254 254 211 176 255
255 176 255 255 255 255 255 255 209 185 124 105 104 125 176 255
255 174 255 255 255 255 255 255 255 252 190 226 112 193 174 255
255 173 251 255 255 255 255 255 255 231 112 112 221 154 173 255
255 240 177 255 255 255 255 255 255 255 208 248 220 176 241 255
255 255 198 205 255 255 255 255 255 255 255 255 205 198 255 255
255 255 255 198 177 251 255 255 255 255 251 177 198 255 255 255
255 255 255 255 241 173 175 176 176 174 173 241 255 255 255 255
255 255 255 255 255 255 255 255 255 255 255 255 255 255 255 255
255 255 255 255 255 255 255 255 255 255 255 255 255 255 255 255
255 255 255 255 240 172 173 175 175 173 172 240 255 255 255 255
255 255 255 198 176 251 255 255 255 255 251 176 198 255 255 255
255 255 198 205 255 255 255 255 255 255 255 255 205 198 255 255
255 240 176 255 255 255 255 255 255 239 250 255 228 176 240 255
255 172 251 255 255 255 255 255 255 239 136 141  89 243 172 255
255 173 255 255 255 255 255 255 255 255 136 122 125 183 173 255
255 175 255 255 255 255 255 255 253 250 217 254 254 211 175 255
255 175 255 255 255 255 255 255 209 185 124 105 104 125 175 255
255 173 255 255 255 255 255 255 255 252 190 226 112 193 173 255
255 172 251 255 255 255 255 255 255 231 112 112 221 154 172 255
255 240 176 255 255 255 255 255 255 255 208 248 220 175 240 255
255 255 198 205 255 255 255 255 255 255 255 255 205 198 255 255
255 255 255 198 176 251 255 255 255 255 251 176 198 255 255 255
255 255 255 255 240 173 173 175 175 173 172 240 255 255 255 255
255 255 255 255 255 255 255 255 255 255 255 255 255 255 255 255
255 255 255 255 255 255 255 255 255 255 255 255 255 255 255 255
255 255 255 255 240 171 172 174 174 172 171 240 255 255 255 255
255 255 255 197 175 251 255 255 255 255 251 175 197 255 255 255
255 255 197 204 255 255 255 255 255 255 255 255 204 197 255 255
255 240 175 255 255 255 255 255 255 239 250 255 228 175 240 255
255 171 251 255 255 255 255 255 255 239 136 141  89 243 171 255
255 172 255 255 255 255 255 255 255 255 136 122 125 183 172 255
255 174 255 255 255 255 255 255 253 250 217 254 254 211 174 255
255 174 255 255 255 255 255 255 209 185 124 105 104 125 174 255
255 172 255 255 255 255 255 255 255 252 190 226 112 193 172 255
255 171 251 255 255 255 255 255 255 231 112 112 221 154 171 255
255 240 175 255 255 255 255 255 255 255 208 248 220 173 240 255
255 255 197 204 255 255 255 255 255 255 255 255 204 197 255 255
255 255 255 197 175 251 255 255 255 255 251 175 197 255 255 255
255 255 255 255 240 171 172 174 174 172 171 240 255 255 255 255
255 255 255 255 255 255 255 255 255 255 255 255 255 255 255 255

255 255 255 255 255 255 255 255 255 255 255 255 255 255 255 255
255 255 255 255 241 173 174 176 176 174 173 241 255 255 255 255
255 255 255 198 177 243 183 211 125 193 154 176 198 255 255 255
255 255 198 205 228  89 125 254 104 112 221 220 205 198 255 255
255 241 177 255 255 141 122 254 105 226 112 248 255 177 241 255
255 173 251 255 250 136 136 217 124 190 112 208 255 251 173 255
255 174 255 255 239 239 255 250 185 252 231 255 255 255 174 255
255 176 255 255 255 255 255 253 209 255 255 255 255 255 176 255
255 176 255 255 255 255 255 255 255 255 255 255 255 255 176 255
255 174 255 255 255 255 255 255 255 255 255 255 255 255 175 255
255 173 251 255 255 255 255 255 255 255 255 255 255 251 173 255
255 241 177 255 255 255 255 255 255 255 255 255 255 177 241 255
255 255 198 205 255 255 255 255 255 255 255 255 205 198 255 255
255 255 255 198 177 251 255 255 255 255 251 177 198 255 255 255
255 255 255 255 240 173 174 176 176 174 173 240 255 255 255 255
255 255 255 255 255 255 255 255 255 255 255 255 255 255 255 255
255 255 255 255 255 255 255 255 255 255 255 255 255 255 255 255
255 255 255 255 240 172 173 175 175 173 172 240 255 255 255 255
255 255 255 198 176 243 183 211 125 193 154 175 198 255 255 255
255 255 198 205 228  89 125 254 104 112 221 220 205 198 255 255
255 240 176 255 255 141 122 254 105 226 112 248 255 176 240 255
255 172 251 255 250 136 136 217 124 190 112 208 255 251 172 255
255 173 255 255 239 239 255 250 185 252 231 255 255 255 173 255
255 175 255 255 255 255 255 253 209 255 255 255 255 255 175 255
255 175 255 255 255 255 255 255 255 255 255 255 255 255 175 255
255 173 255 255 255 255 255 255 255 255 255 255 255 255 173 255
255 172 251 255 255 255 255 255 255 255 255 255 255 251 173 255
255 240 176 255 255 255 255 255 255 255 255 255 255 176 240 255
255 255 198 205 255 255 255 255 255 255 255 255 205 198 255 255
255 255 255 198 176 251 255 255 255 255 251 176 198 255 255 255
255 255 255 255 240 172 173 175 175 173 172 240 255 255 255 255
255 255 255 255 255 255 255 255 255 255 255 255 255 255 255 255
255 255 255 255 255 255 255 255 255 255 255 255 255 255 255 255
255 255 255 255 240 171 172 174 174 172 171 240 255 255 255 255
255 255 255 197 175 243 183 211 125 193 154 173 197 255 255 255
255 255 197 204 228  89 125 254 104 112 221 220 204 197 255 255
255 240 175 255 255 141 122 254 105 226 112 248 255 175 240 255
255 171 251 255 250 136 136 217 124 190 112 208 255 251 171 255
255 172 255 255 239 239 255 250 185 252 231 255 255 255 172 255
255 174 255 255 255 255 255 253 209 255 255 255 255 255 174 255
255 174 255 255 255 255 255 255 255 255 255 255 255 255 174 255
255 172 255 255 255 255 255 255 255 255 255 255 255 255 172 255
255 171 251 255 255 255 255 255 255 255 255 255 255 251 171 255
255 240 175 255 255 255 255 255 255 255 255 255 255 175 240 255
255 255 197 204 255 255 255 255 255 255 255 255 204 197 255 255
255 255 255 197 175 251 255 255 255 255 251 175 197 255 255 255
255 255 255 255 240 171 172 174 174 172 171 240 255 255 255 255
255 255 255 255 255 255 255 255 255 255 255 255 255 255 255 255

255 255 255 255 255 255 255 255 255 255 255 255 255 255 255 255
255 255 255 255 241 173 174 176 176 175 173 241 255 255 255 255
255 255 255 198 177 251 255 255 255 255 251 177 198 255 255 255
255 255 198 205 255 255 255 255 255 255 255 255 205 198 255 255
255 241 176 220 248 208 255 255 255 255 255 255 255 177 240 255
255 173 154 221 112 112 231 255 255 255 255 255 255 251 173 255
255 174 193 112 226 190 252 255 255 255 255 255 255 255 174 255
255 176 125 104 105 124 185 209 255 255 255 255 255 255 176 255
255 176 211 254 254 217 250 253 255 255 255 255 255 255 176 255
255 174 183 125 122 136 255 255 255 255 255 255 255 255 174 255
255 173 243  89 141 136 239 255 255 255 255 255 255 251 173 255
255 241 177 228 255 250 239 255 255 255 255 255 255 177 240 255
255 255 198 205 255 255 255 255 255 255 255 255 205 198 255 255
255 255 255 198 177 251 255 255 255 255 251 177 198 255 255 255
255 255 255 255 241 173 174 176 176 174 173 241 255 255 255 255
255 255 255 255 255 255 255 255 255 255 255 255 255 255 255 255
255 255 255 255 255 255 255 255 255 255 255 255 255 255 255 255
255 255 255 255 240 172 173 175 175 173 173 240 255 255 255 255
255 255 255 198 176 251 255 255 255 255 251 176 198 255 255 255
255 255 198 205 255 255 255 255 255 255 255 255 205 198 255 255
255 240 175 220 248 208 255 255 255 255 255 255 255 176 240 255
255 172 154 221 112 112 231 255 255 255 255 255 255 251 172 255
255 173 193 112 226 190 252 255 255 255 255 255 255 255 173 255
255 175 125 104 105 124 185 209 255 255 255 255 255 255 175 255
255 175 211 254 254 217 250 253 255 255 255 255 255 255 175 255
255 173 183 125 122 136 255 255 255 255 255 255 255 255 173 255
255 172 243  89 141 136 239 255 255 255 255 255 255 251 172 255
255 240 176 228 255 250 239 255 255 255 255 255 255 176 240 255
255 255 198 205 255 255 255 255 255 255 255 255 205 198 255 255
255 255 255 198 176 251 255 255 255 255 251 176 198 255 255 255
255 255 255 255 240 172 173 175 175 173 172 240 255 255 255 255
255 255 255 255 255 255 255 255 255 255 255 255 255 255 255 255
255 255 255 255 255 255 255 255 255 255 255 255 255 255 255 255
255 255 255 255 240 171 172 174 174 172 171 240 255 255 255 255
255 255 255 197 175 251 255 255 255 255 251 175 197 255 255 255
255 255 197 204 255 255 255 255 255 255 255 255 204 197 255 255
255 240 173 220 248 208 255 255 255 255 255 255 255 175 240 255
255 171 154 221 112 112 231 255 255 255 255 255 255 251 171 255
255 172 193 112 226 190 252 255 255 255 255 255 255 255 172 255
255 174 125 104 105 124 185 209 255 255 255 255 255 255 174 255
255 174 211 254 254 217 250 253 255 255 255 255 255 255 174 255
255 172 183 125 122 136 255 255 255 255 255 255 255 255 172 255
255 171 243  89 141 136 239 255 255 255 255 255 255 251 171 255
255 240 175 228 255 250 239 255 255 255 255 255 255 175 240 255
255 255 197 204 255 255 255 255 255 255 255 255 204 197 255 255
255 255 255 197 175 251 255 255 255 255 251 175 197 255 255 255
255 255 255 255 240 171 172 174 174 172 171 240 255 255 255 255
255 255 255 255 255 255 255 255 255 255 255 255 255 255 255 255
