255 255 255 255 255 255 255 255 255 255 255 255 255 255 255 255
255 255 255 255 240 173 174 176 176 174 173 240 255 255 255 255
255 255 255 198 177 251 255 255 255 255 251 177 198 255 255 255
255 255 198 205 255 255 255 255 255 255 255 255 205 198 255 255
255 241 177 255 255 255 255 255 255 255 255 255 255 177 241 255
255 173 251 255 255 255 255 255 255 255 255 255 255 251 173 255
255 175 255 255 255 255 255 255 255 255 255 255 255 255 174 255
255 176 255 255 237 209 255 255 255 255 255 255 255 255 176 255
255 176 255 252 100 161 254 255 255 255 255 255 255 255 176 255
255 174 255 174  76 167 233 244 253 230 203 124 228 255 174 255
255 173 251 181 184 109 190 153 210 156 122 222 120 251 173 255
255 241 177 142 220 106 250 108 149 203  64 149 243 177 241 255
255 255 198  97 250  99 255 107 118 251  81 184 124 198 255 255
255 255 255 198 177 148 255 158 116 255 204 109 198 255 255 255
255 255 255 255 241 173 174 174 172 174 173 241 255 255 255 255
255 255 255 255 255 255 255 255 255 255 255 255 255 255 255 255
255 255 255 255 255 255 255 255 255 255 255 255 255 255 255 255
255 255 255 255 240 172 173 175 175 173 172 240 255 255 255 255
255 255 255 198 176 251 255 255 255 255 251 176 198 255 255 255
255 255 198 205 255 255 255 255 255 255 255 255 205 198 255 255
255 240 176 255 255 255 255 255 255 255 255 255 255 176 240 255
255 173 251 255 255 255 255 255 255 255 255 255 255 251 172 255
255 173 255 255 255 255 255 255 255 255 255 255 255 255 173 255
255 175 255 255 237 209 255 255 255 255 255 255 255 255 175 255
255 175 255 252 100 161 254 255 255 255 255 255 255 255 175 255
255 173 255 174  76 167 233 244 253 230 203 124 228 255 173 255
255 172 251 181 184 109 190 153 210 156 122 222 120 251 172 255
255 240 176 142 220 106 250 108 149 203  64 149 243 176 240 255
255 255 198  96 250  99 255 107 118 251  81 184 124 198 255 255
255 255 255 198 176 147 255 158 116 255 204 108 197 255 255 255
255 255 255 255 240 172 173 173 171 173 172 240 255 255 255 255
255 255 255 255 255 255 255 255 255 255 255 255 255 255 255 255
255 255 255 255 255 255 255 255 255 255 255 255 255 255 255 255
255 255 255 255 240 171 172 174 174 172 171 240 255 255 255 255
255 255 255 197 175 251 255 255 255 255 251 175 197 255 255 255
255 255 197 204 255 255 255 255 255 255 255 255 204 197 255 255
255 240 175 255 255 255 255 255 255 255 255 255 255 175 240 255
255 171 251 255 255 255 255 255 255 255 255 255 255 251 171 255
255 172 255 255 255 255 255 255 255 255 255 255 255 255 172 255
255 174 255 255 237 209 255 255 255 255 255 255 255 255 174 255
255 174 255 252 100 161 254 255 255 255 255 255 255 255 174 255
255 172 255 174  76 167 233 244 253 230 203 124 228 255 172 255
255 171 251 181 184 109 190 153 210 156 122 222 120 251 171 255
255 240 175 142 220 106 250 108 149 203  64 149 243 175 240 255
255 255 197  95 250  99 255 107 118 251  81 184 123 197 255 255
255 255 255 197 175 147 255 158 116 255 204 107 196 255 255 255
255 255 255 255 240 171 172 172 170 172 171 240 255 255 255 255
255 255 255 255 255 255 255 255 255 255 255 255 255 255 255 255

255 255 255 255 255 255 255 255 255 255 255 255 255 255 255 255
255 255 255 255 241 173 174 176 176 174 173 241 255 255 255 255
255 255 255 198 177 251 255 255 255 255 251 177 198 255 255 255
255 255 198 205 255 255 255 255 255 228 120 243 124 198 255 255
255 240 177 255 255 255 255 255 255 124 222 149 184 109 241 255
255 173 251 255 255 255 255 255 255 203 122  64  81 204 173 255
255 174 255 255 255 255 255 255 255 230 156 203 251 255 174 255
255 176 255 255 255 255 255 255 255 253 210 149 118 116 172 255
255 176 255 255 255 255 255 255 255 244 153 108 107 158 174 255
255 174 255 255 255 255 255 255 254 233 190 250 255 255 174 255
255 173 251 255 255 255 255 209 161 167 109 106  99 148 173 255
255 240 177 255 255 255 255 237 100  76 184 220 250 177 241 255
255 255 198 205 255 255 255 255 252 174 181 142  97 198 255 255
255 255 255 198 177 251 255 255 255 255 251 177 198 255 255 255
255 255 255 255 241 173 175 176 176 174 173 241 255 255 255 255
255 255 255 255 255 255 255 255 255 255 255 255 255 255 255 255
255 255 255 255 255 255 255 255 255 255 255 255 255 255 255 255
255 255 255 255 240 172 173 175 175 173 172 240 255 255 255 255
255 255 255 198 176 251 255 255 255 255 251 176 198 255 255 255
255 255 198 205 255 255 255 255 255 228 120 243 124 197 255 255
255 240 176 255 255 255 255 255 255 124 222 149 184 108 240 255
255 172 251 255 255 255 255 255 255 203 122  64  81 204 172 255
255 173 255 255 255 255 255 255 255 230 156 203 251 255 173 255
255 175 255 255 255 255 255 255 255 253 210 149 118 116 171 255
255 175 255 255 255 255 255 255 255 244 153 108 107 158 173 255
255 173 255 255 255 255 255 255 254 233 190 250 255 255 173 255
255 172 251 255 255 255 255 209 161 167 109 106  99 147 172 255
255 240 176 255 255 255 255 237 100  76 184 220 250 176 240 255
255 255 198 205 255 255 255 255 252 174 181 142  96 198 255 255
255 255 255 198 176 251 255 255 255 255 251 176 198 255 255 255
255 255 255 255 240 173 173 175 175 173 172 240 255 255 255 255
255 255 255 255 255 255 255 255 255 255 255 255 255 255 255 255
255 255 255 255 255 255 255 255 255 255 255 255 255 255 255 255
255 255 255 255 240 171 172 174 174 172 171 240 255 255 255 255
255 255 255 197 175 251 255 255 255 255 251 175 197 255 255 255
255 255 197 204 255 255 255 255 255 228 120 243 123 196 255 255
255 240 175 255 255 255 255 255 255 124 222 149 184 107 240 255
255 171 251 255 255 255 255 255 255 203 122  64  81 204 171 255
255 172 255 255 255 255 255 255 255 230 156 203 251 255 172 255
255 174 255 255 255 255 255 255 255 253 210 149 118 116 170 255
255 174 255 255 255 255 255 255 255 244 153 108 107 158 172 255
255 172 255 255 255 255 255 255 254 233 190 250 255 255 172 255
255 171 251 255 255 255 255 209 161 167 109 106  99 147 171 255
255 240 175 255 255 255 255 237 100  76 184 220 250 175 240 255
255 255 197 204 255 255 255 255 252 174 181 142  95 197 255 255
255 255 255 197 175 251 255 255 255 255 251 175 197 255 255 255
255 255 255 255 240 171 172 174 174 172 171 240 255 255 255 255
255 255 255 255 255 255 255 255 255 255 255 255 255 255 255 255

255 255 255 255 255 255 255 255 255 255 255 255 255 255 255 255
255 255 255 255 241 173 174 172 174 174 173 241 255 255 255 255
255 255 255 198 109 204 255 116 158 255 148 177 198 255 255 255
255 255 198 124 184  81 251 118 107 255  99 250  97 198 255 255
255 241 177 243 149  64 203 149 108 250 106 220 142 177 241 255
255 173 251 120 222 122 156 210 153 190 109 184 181 251 173 255
255 174 255 228 124 203 230 253 244 233 167  76 174 255 174 255
255 176 255 255 255 255 255 255 255 254 161 100 252 255 176 255
255 176 255 255 255 255 255 255 255 255 209 237 255 255 176 255
255 174 255 255 255 255 255 255 255 255 255 255 255 255 175 255
255 173 251 255 255 255 255 255 255 255 255 255 255 251 173 255
255 241 177 255 255 255 255 255 255 255 255 255 255 177 241 255
255 255 198 205 255 255 255 255 255 255 255 255 205 198 255 255
255 255 255 198 177 251 255 255 255 255 251 177 198 255 255 255
255 255 255 255 240 173 174 176 176 174 173 240 255 255 255 255
255 255 255 255 255 255 255 255 255 255 255 255 255 255 255 255
255 255 255 255 255 255 255 255 255 255 255 255 255 255 255 255
255 255 255 255 240 172 173 171 173 173 172 240 255 255 255 255
255 255 255 197 108 204 255 116 158 255 147 176 198 255 255 255
255 255 198 124 184  81 251 118 107 255  99 250  96 198 255 255
255 240 176 243 149  64 203 149 108 250 106 220 142 176 240 255
255 172 251 120 222 122 156 210 153 190 109 184 181 251 172 255
255 173 255 228 124 203 230 253 244 233 167  76 174 255 173 255
255 175 255 255 255 255 255 255 255 254 161 100 252 255 175 255
255 175 255 255 255 255 255 255 255 255 209 237 255 255 175 255
255 173 255 255 255 255 255 255 255 255 255 255 255 255 173 255
255 172 251 255 255 255 255 255 255 255 255 255 255 251 173 255
255 240 176 255 255 255 255 255 255 255 255 255 255 176 240 255
255 255 198 205 255 255 255 255 255 255 255 255 205 198 255 255
255 255 255 198 176 251 255 255 255 255 251 176 198 255 255 255
255 255 255 255 240 172 173 175 175 173 172 240 255 255 255 255
255 255 255 255 255 255 255 255 255 255 255 255 255 255 255 255
255 255 255 255 255 255 255 255 255 255 255 255 255 255 255 255
255 255 255 255 240 171 172 170 172 172 171 240 255 255 255 255
255 255 255 196 107 204 255 116 158 255 147 175 197 255 255 255
255 255 197 123 184  81 251 118 107 255  99 250  95 197 255 255
255 240 175 243 149  64 203 149 108 250 106 220 142 175 240 255
255 171 251 120 222 122 156 210 153 190 109 184 181 251 171 255
255 172 255 228 124 203 230 253 244 233 167  76 174 255 172 255
255 174 255 255 255 255 255 255 255 254 161 100 252 255 174 255
255 174 255 255 255 255 255 255 255 255 209 237 255 255 174 255
255 172 255 255 255 255 255 255 255 255 255 255 255 255 172 255
255 171 251 255 255 255 255 255 255 255 255 255 255 251 171 255
255 240 175 255 255 255 255 255 255 255 255 255 255 175 240 255
255 255 197 204 255 255 255 255 255 255 255 255 204 197 255 255
255 255 255 197 175 251 255 255 255 255 251 175 197 255 255 255
255 255 255 255 240 171 172 174 174 172 171 240 255 255 255 255
255 255 255 255 255 255 255 255 255 255 255 255 255 255 255 255

255 255 255 255 255 255 255 255 255 255 255 255 255 255 255 255
255 255 255 255 241 173 174 176 176 175 173 241 255 255 255 255
255 255 255 198 177 251 255 255 255 255 251 177 198 255 255 255
255 255 198  97 142 181 174 252 255 255 255 255 205 198 255 255
255 241 177 250 220 184  76 100 237 255 255 255 255 177 240 255
255 173 148  99 106 109 167 161 209 255 255 255 255 251 173 255
255 174 255 255 250 190 233 254 255 255 255 255 255 255 174 255
255 174 158 107 108 153 244 255 255 255 255 255 255 255 176 255
255 172 116 118 149 210 253 255 255 255 255 255 255 255 176 255
255 174 255 251 203 156 230 255 255 255 255 255 255 255 174 255
255 173 204  81  64 122 203 255 255 255 255 255 255 251 173 255
255 241 109 184 149 222 124 255 255 255 255 255 255 177 240 255
255 255 198 124 243 120 228 255 255 255 255 255 205 198 255 255
255 255 255 198 177 251 255 255 255 255 251 177 198 255 255 255
255 255 255 255 241 173 174 176 176 174 173 241 255 255 255 255
255 255 255 255 255 255 255 255 255 255 255 255 255 255 255 255
255 255 255 255 255 255 255 255 255 255 255 255 255 255 255 255
255 255 255 255 240 172 173 175 175 173 173 240 255 255 255 255
255 255 255 198 176 251 255 255 255 255 251 176 198 255 255 255
255 255 198  96 142 181 174 252 255 255 255 255 205 198 255 255
255 240 176 250 220 184  76 100 237 255 255 255 255 176 240 255
255 172 147  99 106 109 167 161 209 255 255 255 255 251 172 255
255 173 255 255 250 190 233 254 255 255 255 255 255 255 173 255
255 173 158 107 108 153 244 255 255 255 255 255 255 255 175 255
255 171 116 118 149 210 253 255 255 255 255 255 255 255 175 255
255 173 255 251 203 156 230 255 255 255 255 255 255 255 173 255
255 172 204  81  64 122 203 255 255 255 255 255 255 251 172 255
255 240 108 184 149 222 124 255 255 255 255 255 255 176 240 255
255 255 197 124 243 120 228 255 255 255 255 255 205 198 255 255
255 255 255 198 176 251 255 255 255 255 251 176 198 255 255 255
255 255 255 255 240 172 173 175 175 173 172 240 255 255 255 255
255 255 255 255 255 255 255 255 255 255 255 255 255 255 255 255
255 255 255 255 255 255 255 255 255 255 255 255 255 255 255 255
255 255 255 255 240 171 172 174 174 172 171 240 255 255 255 255
255 255 255 197 175 251 255 255 255 255 251 175 197 255 255 255
255 255 197  95 142 181 174 252 255 255 255 255 204 197 255 255
255 240 175 250 220 184  76 100 237 255 255 255 255 175 240 255
255 171 147  99 106 109 167 161 209 255 255 255 255 251 171 255
255 172 255 255 250 190 233 254 255 255 255 255 255 255 172 255
255 172 158 107 108 153 244 255 255 255 255 255 255 255 174 255
255 170 116 118 149 210 253 255 255 255 255 255 255 255 174 255
255 172 255 251 203 156 230 255 255 255 255 255 255 255 172 255
255 171 204  81  64 122 203 255 255 255 255 255 255 251 171 255
255 240 107 184 149 222 124 255 255 255 255 255 255 175 240 255
255 255 196 123 243 120 228 255 255 255 255 255 204 197 255 255
255 255 255 197 175 251 255 255 255 255 251 175 197 255 255 255
255 255 255 255 240 171 172 174 174 172 171 240 255 255 255 255
255 255 255 255 255 255 255 255 255 255 255 255 255 255 255 255
