255 255 255 255 255 255 255 255 255 255 255 255 255 255 255 255
255 255 255 255 240 173 174 176 176 174 173 240 255 255 255 255
255 255 255 198 177 251 255 255 255 255 251 177 198 255 255 255
255 255 198 205 255 255 255 255 255 255 255 255 205 198 255 255
255 241 177 255 255 255 255 255 255 255 255 255 255 177 241 255
255 173 251 255 255 255 255 255 255 255 255 255 255 251 173 255
255 175 255 255 255 255 255 255 255 255 255 255 255 255 174 255
255 176 255 184 145 255 255 255 255 255 255 255 255 255 176 255
255 176 244  97 255 255 255 255 255 255 255 252 251 255 176 255
255 174 247  77 189 125 114 225 176 132 207 121  94 253 174 255
255 173 251 118 189 162 241 108 129 188 123 147 123 247 173 255
255 241 177 119 181 186 255 103 130 229 109 231 222 177 241 255
255 255 198 170 243 108 185 119 131 226 193 106 139 198 255 255
255 255 255 198 177 226 168 247 201 243 251 177 198 255 255 255
255 255 255 255 241 173 174 176 176 174 173 241 255 255 255 255
255 255 255 255 255 255 255 255 255 255 255 255 255 255 255 255
255 255 255 255 255 255 255 255 255 255 255 255 255 255 255 255
255 255 255 255 240 172 173 175 175 173 172 240 255 255 255 255
255 255 255 198 176 251 255 255 255 255 251 176 198 255 255 255
255 255 198 205 255 255 255 255 255 255 255 255 205 198 255 255
255 240 176 255 255 255 255 255 255 255 255 255 255 176 240 255
255 173 251 255 255 255 255 255 255 255 255 255 255 251 172 255
255 173 255 255 255 255 255 255 255 255 255 255 255 255 173 255
255 175 255 184 145 255 255 255 255 255 255 255 255 255 175 255
255 175 244  97 255 255 255 255 255 255 255 252 251 255 175 255
255 173 247  77 189 125 114 225 176 132 207 121  94 253 173 255
255 172 251 118 189 162 241 108 129 188 123 147 123 247 172 255
255 240 176 119 181 186 255 103 130 229 109 231 222 176 240 255
255 255 198 169 243 108 185 119 131 226 193 106 138 198 255 255
255 255 255 198 176 226 168 247 201 243 251 176 198 255 255 255
255 255 255 255 240 172 173 175 175 173 172 240 255 255 255 255
255 255 255 255 255 255 255 255 255 255 255 255 255 255 255 255
255 255 255 255 255 255 255 255 255 255 255 255 255 255 255 255
255 255 255 255 240 171 172 174 174 172 171 240 255 255 255 255
255 255 255 197 175 251 255 255 255 255 251 175 197 255 255 255
255 255 197 204 255 255 255 255 255 255 255 255 204 197 255 255
255 240 175 255 255 255 255 255 255 255 255 255 255 175 240 255
255 171 251 255 255 255 255 255 255 255 255 255 255 251 171 255
255 172 255 255 255 255 255 255 255 255 255 255 255 255 172 255
255 174 255 184 145 255 255 255 255 255 255 255 255 255 174 255
255 174 244  97 255 255 255 255 255 255 255 252 251 255 174 255
255 172 247  77 189 125 114 225 176 132 207 121  94 253 172 255
255 171 251 118 189 162 241 108 129 188 123 147 123 247 171 255
255 240 175 119 181 186 255 103 130 229 109 231 222 175 240 255
255 255 197 169 243 108 185 119 131 226 193 106 137 197 255 255
255 255 255 197 175 226 168 247 201 243 251 175 197 255 255 255
255 255 255 255 240 171 172 174 174 172 171 240 255 255 255 255
255 255 255 255 255 255 255 255 255 255 255 255 255 255 255 255

255 255 255 255 255 255 255 255 255 255 255 255 255 255 255 255
255 255 255 255 241 173 174 176 176 174 173 241 255 255 255 255
255 255 255 198 177 251 255 255 255 253 247 177 198 255 255 255
255 255 198 205 255 255 255 255 251  94 123 222 139 198 255 255
255 240 177 255 255 255 255 255 252 121 147 231 106 177 241 255
255 173 251 255 255 255 255 255 255 207 123 109 193 251 173 255
255 174 255 255 255 255 255 255 255 132 188 229 226 243 174 255
255 176 255 255 255 255 255 255 255 176 129 130 131 201 176 255
255 176 255 255 255 255 255 255 255 225 108 103 119 247 176 255
255 174 255 255 255 255 255 255 255 114 241 255 185 168 174 255
255 173 251 255 255 255 255 255 255 125 162 186 108 226 173 255
255 240 177 255 255 255 255 145 255 189 189 181 243 177 241 255
255 255 198 205 255 255 255 184  97  77 118 119 170 198 255 255
255 255 255 198 177 251 255 255 244 247 251 177 198 255 255 255
255 255 255 255 241 173 175 176 176 174 173 241 255 255 255 255
255 255 255 255 255 255 255 255 255 255 255 255 255 255 255 255
255 255 255 255 255 255 255 255 255 255 255 255 255 255 255 255
255 255 255 255 240 172 173 175 175 173 172 240 255 255 255 255
255 255 255 198 176 251 255 255 255 253 247 176 198 255 255 255
255 255 198 205 255 255 255 255 251  94 123 222 138 198 255 255
255 240 176 255 255 255 255 255 252 121 147 231 106 176 240 255
255 172 251 255 255 255 255 255 255 207 123 109 193 251 172 255
255 173 255 255 255 255 255 255 255 132 188 229 226 243 173 255
255 175 255 255 255 255 255 255 255 176 129 130 131 201 175 255
255 175 255 255 255 255 255 255 255 225 108 103 119 247 175 255
255 173 255 255 255 255 255 255 255 114 241 255 185 168 173 255
255 172 251 255 255 255 255 255 255 125 162 186 108 226 172 255
255 240 176 255 255 255 255 145 255 189 189 181 243 176 240 255
255 255 198 205 255 255 255 184  97  77 118 119 169 198 255 255
255 255 255 198 176 251 255 255 244 247 251 176 198 255 255 255
255 255 255 255 240 173 173 175 175 173 172 240 255 255 255 255
255 255 255 255 255 255 255 255 255 255 255 255 255 255 255 255
255 255 255 255 255 255 255 255 255 255 255 255 255 255 255 255
255 255 255 255 240 171 172 174 174 172 171 240 255 255 255 255
255 255 255 197 175 251 255 255 255 253 247 175 197 255 255 255
255 255 197 204 255 255 255 255 251  94 123 222 137 197 255 255
255 240 175 255 255 255 255 255 252 121 147 231 106 175 240 255
255 171 251 255 255 255 255 255 255 207 123 109 193 251 171 255
255 172 255 255 255 255 255 255 255 132 188 229 226 243 172 255
255 174 255 255 255 255 255 255 255 176 129 130 131 201 174 255
255 174 255 255 255 255 255 255 255 225 108 103 119 247 174 255
255 172 255 255 255 255 255 255 255 114 241 255 185 168 172 255
255 171 251 255 255 255 255 255 255 125 162 186 108 226 171 255
255 240 175 255 255 255 255 145 255 189 189 181 243 175 240 255
255 255 197 204 255 255 255 184  97  77 118 119 169 197 255 255
255 255 255 197 175 251 255 255 244 247 251 175 197 255 255 255
255 255 255 255 240 171 172 174 174 172 171 240 255 255 255 255
255 255 255 255 255 255 255 255 255 255 255 255 255 255 255 255

255 255 255 255 255 255 255 255 255 255 255 255 255 255 255 255
255 255 255 255 241 173 174 176 176 174 173 241 255 255 255 255
255 255 255 198 177 251 243 201 247 168 226 177 198 255 255 255
255 255 198 139 106 193 226 131 119 185 108 243 170 198 255 255
255 241 177 222 231 109 229 130 103 255 186 181 119 177 241 255
255 173 247 123 147 123 188 129 108 241 162 189 118 251 173 255
255 174 253  94 121 207 132 176 225 114 125 189  77 247 174 255
255 176 255 251 252 255 255 255 255 255 255 255  97 244 176 255
255 176 255 255 255 255 255 255 255 255 255 145 184 255 176 255
255 174 255 255 255 255 255 255 255 255 255 255 255 255 175 255
255 173 251 255 255 255 255 255 255 255 255 255 255 251 173 255
255 241 177 255 255 255 255 255 255 255 255 255 255 177 241 255
255 255 198 205 255 255 255 255 255 255 255 255 205 198 255 255
255 255 255 198 177 251 255 255 255 255 251 177 198 255 255 255
255 255 255 255 240 173 174 176 176 174 173 240 255 255 255 255
255 255 255 255 255 255 255 255 255 255 255 255 255 255 255 255
255 255 255 255 255 255 255 255 255 255 255 255 255 255 255 255
255 255 255 255 240 172 173 175 175 173 172 240 255 255 255 255
255 255 255 198 176 251 243 201 247 168 226 176 198 255 255 255
255 255 198 138 106 193 226 131 119 185 108 243 169 198 255 255
255 240 176 222 231 109 229 130 103 255 186 181 119 176 240 255
255 172 247 123 147 123 188 129 108 241 162 189 118 251 172 255
255 173 253  94 121 207 132 176 225 114 125 189  77 247 173 255
255 175 255 251 252 255 255 255 255 255 255 255  97 244 175 255
255 175 255 255 255 255 255 255 255 255 255 145 184 255 175 255
255 173 255 255 255 255 255 255 255 255 255 255 255 255 173 255
255 172 251 255 255 255 255 255 255 255 255 255 255 251 173 255
255 240 176 255 255 255 255 255 255 255 255 255 255 176 240 255
255 255 198 205 255 255 255 255 255 255 255 255 205 198 255 255
255 255 255 198 176 251 255 255 255 255 251 176 198 255 255 255
255 255 255 255 240 172 173 175 175 173 172 240 255 255 255 255
255 255 255 255 255 255 255 255 255 255 255 255 255 255 255 255
255 255 255 255 255 255 255 255 255 255 255 255 255 255 255 255
255 255 255 255 240 171 172 174 174 172 171 240 255 255 255 255
255 255 255 197 175 251 243 201 247 168 226 175 197 255 255 255
255 255 197 137 106 193 226 131 119 185 108 243 169 197 255 255
255 240 175 222 231 109 229 130 103 255 186 181 119 175 240 255
255 171 247 123 147 123 188 129 108 241 162 189 118 251 171 255
255 172 253  94 121 207 132 176 225 114 125 189  77 247 172 255
255 174 255 251 252 255 255 255 255 255 255 255  97 244 174 255
255 174 255 255 255 255 255 255 255 255 255 145 184 255 174 255
255 172 255 255 255 255 255 255 255 255 255 255 255 255 172 255
255 171 251 255 255 255 255 255 255 255 255 255 255 251 171 255
255 240 175 255 255 255 255 255 255 255 255 255 255 175 240 255
255 255 197 204 255 255 255 255 255 255 255 255 204 197 255 255
255 255 255 197 175 251 255 255 255 255 251 175 197 255 255 255
255 255 255 255 240 171 172 174 174 172 171 240 255 255 255 255
255 255 255 255 255 255 255 255 255 255 255 255 255 255 255 255

255 255 255 255 255 255 255 255 255 255 255 255 255 255 255 255
255 255 255 255 241 173 174 176 176 175 173 241 255 255 255 255
255 255 255 198 177 251 247 244 255 255 251 177 198 255 255 255
255 255 198 170 119 118  77  97 184 255 255 255 205 198 255 255
255 241 177 243 181 189 189 255 145 255 255 255 255 177 240 255
255 173 226 108 186 162 125 255 255 255 255 255 255 251 173 255
255 174 168 185 255 241 114 255 255 255 255 255 255 255 174 255
255 176 247 119 103 108 225 255 255 255 255 255 255 255 176 255
255 176 201 131 130 129 176 255 255 255 255 255 255 255 176 255
255 174 243 226 229 188 132 255 255 255 255 255 255 255 174 255
255 173 251 193 109 123 207 255 255 255 255 255 255 251 173 255
255 241 177 106 231 147 121 252 255 255 255 255 255 177 240 255
255 255 198 139 222 123  94 251 255 255 255 255 205 198 255 255
255 255 255 198 177 247 253 255 255 255 251 177 198 255 255 255
255 255 255 255 241 173 174 176 176 174 173 241 255 255 255 255
255 255 255 255 255 255 255 255 255 255 255 255 255 255 255 255
255 255 255 255 255 255 255 255 255 255 255 255 255 255 255 255
255 255 255 255 240 172 173 175 175 173 173 240 255 255 255 255
255 255 255 198 176 251 247 244 255 255 251 176 198 255 255 255
255 255 198 169 119 118  77  97 184 255 255 255 205 198 255 255
255 240 176 243 181 189 189 255 145 255 255 255 255 176 240 255
255 172 226 108 186 162 125 255 255 255 255 255 255 251 172 255
255 173 168 185 255 241 114 255 255 255 255 255 255 255 173 255
255 175 247 119 103 108 225 255 255 255 255 255 255 255 175 255
255 175 201 131 130 129 176 255 255 255 255 255 255 255 175 255
255 173 243 226 229 188 132 255 255 255 255 255 255 255 173 255
255 172 251 193 109 123 207 255 255 255 255 255 255 251 172 255
255 240 176 106 231 147 121 252 255 255 255 255 255 176 240 255
255 255 198 138 222 123  94 251 255 255 255 255 205 198 255 255
255 255 255 198 176 247 253 255 255 255 251 176 198 255 255 255
255 255 255 255 240 172 173 175 175 173 172 240 255 255 255 255
255 255 255 255 255 255 255 255 255 255 255 255 255 255 255 255
255 255 255 255 255 255 255 255 255 255 255 255 255 255 255 255
255 255 255 255 240 171 172 174 174 172 171 240 255 255 255 255
255 255 255 197 175 251 247 244 255 255 251 175 197 255 255 255
255 255 197 169 119 118  77  97 184 255 255 255 204 197 255 255
255 240 175 243 181 189 189 255 145 255 255 255 255 175 240 255
255 171 226 108 186 162 125 255 255 255 255 255 255 251 171 255
255 172 168 185 255 241 114 255 255 255 255 255 255 255 172 255
255 174 247 119 103 108 225 255 255 255 255 255 255 255 174 255
255 174 201 131 130 129 176 255 255 255 255 255 255 255 174 255
255 172 243 226 229 188 132 255 255 255 255 255 255 255 172 255
255 171 251 193 109 123 207 255 255 255 255 255 255 251 171 255
255 240 175 106 231 147 121 252 255 255 255 255 255 175 240 255
255 255 197 137 222 123  94 251 255 255 255 255 204 197 255 255
255 255 255 197 175 247 253 255 255 255 251 175 197 255 255 255
255 255 255 255 240 171 172 174 174 172 171 240 255 255 255 255
255 255 255 255 255 255 255 255 255 255 255 255 255 255 255 255
