255 255 255 255 255 255 255 255 255 255 255 255 255 255 255 255
255 255 255 255 240 173 174 176 176 174 173 240 255 255 255 255
255 255 255 198 177 251 255 255 255 255 251 177 198 255 255 255
255 255 198 205 255 255 255 255 255 255 255 255 205 198 255 255
255 241 177 255 255 255 255 255 255 255 255 255 255 177 241 255
255 173 251 255 255 255 255 255 255 255 255 255 255 251 173 255
255 175 255 255 255 255 255 255 255 255 255 255 255 255 174 255
255 176 255 255 255 255 255 255 255 255 255 255 255 255 176 255
255 176 255 255 255 185 254 255 255 156 255 254 195 255 176 255
255 174 255 151 165 197 246 151 203 138 133 205 106 255 174 255
255 173 251 123 123 148 154 230 125 131 222 177 153 251 173 255
255 241 177 186 185 147 145 252 139 146 236 168 152 177 241 255
255 255 198 205 246 202 222 131 122 185 251 236 205 198 255 255
255 255 255 198 177 251 216 159 156 255 251 177 198 255 255 255
255 255 255 255 241 173 174 154 176 174 173 241 255 255 255 255
255 255 255 255 255 255 255 255 255 255 255 255 255 255 255 255
255 255 255 255 255 255 255 255 255 255 255 255 255 255 255 255
255 255 255 255 240 172 173 175 175 173 172 240 255 255 255 255
255 255 255 198 176 251 255 255 255 255 251 176 198 255 255 255
255 255 198 205 255 255 255 255 255 255 255 255 205 198 255 255
255 240 176 255 255 255 255 255 255 255 255 255 255 176 240 255
255 173 251 255 255 255 255 255 255 255 255 255 255 251 172 255
255 173 255 255 255 255 255 255 255 255 255 255 255 255 173 255
255 175 255 255 255 255 255 255 255 255 255 255 255 255 175 255
255 175 255 255 255 185 254 255 255 156 255 254 195 255 175 255
255 173 255 151 165 197 246 151 203 138 133 205 106 255 173 255
255 172 251 123 123 148 154 230 125 131 222 177 153 251 172 255
255 240 176 186 185 147 145 252 139 146 236 168 152 176 240 255
255 255 198 205 246 202 222 131 122 185 251 236 205 198 255 255
255 255 255 198 176 251 216 159 156 255 251 176 198 255 255 255
255 255 255 255 240 172 173 153 175 173 172 240 255 255 255 255
255 255 255 255 255 255 255 255 255 255 255 255 255 255 255 255
255 255 255 255 255 255 255 255 255 255 255 255 255 255 255 255
255 255 255 255 240 171 172 174 174 172 171 240 255 255 255 255
255 255 255 197 175 251 255 255 255 255 251 175 197 255 255 255
255 255 197 204 255 255 255 255 255 255 255 255 204 197 255 255
255 240 175 255 255 255 255 255 255 255 255 255 255 175 240 255
255 171 251 255 255 255 255 255 255 255 255 255 255 251 171 255
255 172 255 255 255 255 255 255 255 255 255 255 255 255 172 255
255 174 255 255 255 255 255 255 255 255 255 255 255 255 174 255
255 174 255 255 255 185 254 255 255 156 255 254 195 255 174 255
255 172 255 151 165 197 246 151 203 138 133 205 106 255 172 255
255 171 251 123 123 148 154 230 125 131 222 177 153 251 171 255
255 240 175 186 185 147 145 252 139 146 236 168 152 175 240 255
255 255 197 204 246 202 222 131 122 185 251 236 204 197 255 255
255 255 255 197 175 251 216 159 156 255 251 175 197 255 255 255
255 255 255 255 240 171 172 151 174 172 171 240 255 255 255 255
255 255 255 255 255 255 255 255 255 255 255 255 255 255 255 255

255 255 255 255 255 255 255 255 255 255 255 255 255 255 255 255
255 255 255 255 241 173 174 176 176 174 173 241 255 255 255 255
255 255 255 198 177 251 255 255 255 255 251 177 198 255 255 255
255 255 198 205 255 255 255 255 195 106 153 152 205 198 255 255
255 240 177 255 255 255 255 255 254 205 177 168 236 177 241 255
255 173 251 255 255 255 255 255 255 133 222 236 251 251 173 255
255 174 255 255 255 255 255 255 156 138 131 146 185 255 174 255
255 176 255 255 255 255 255 255 255 203 125 139 122 156 176 255
255 176 255 255 255 255 255 255 255 151 230 252 131 159 154 255
255 174 255 255 255 255 255 255 254 246 154 145 222 216 174 255
255 173 251 255 255 255 255 255 185 197 148 147 202 251 173 255
255 240 177 255 255 255 255 255 255 165 123 185 246 177 241 255
255 255 198 205 255 255 255 255 255 151 123 186 205 198 255 255
255 255 255 198 177 251 255 255 255 255 251 177 198 255 255 255
255 255 255 255 241 173 175 176 176 174 173 241 255 255 255 255
255 255 255 255 255 255 255 255 255 255 255 255 255 255 255 255
255 255 255 255 255 255 255 255 255 255 255 255 255 255 255 255
255 255 255 255 240 172 173 175 175 173 172 240 255 255 255 255
255 255 255 198 176 251 255 255 255 255 251 176 198 255 255 255
255 255 198 205 255 255 255 255 195 106 153 152 205 198 255 255
255 240 176 255 255 255 255 255 254 205 177 168 236 176 240 255
255 172 251 255 255 255 255 255 255 133 222 236 251 251 172 255
255 173 255 255 255 255 255 255 156 138 131 146 185 255 173 255
255 175 255 255 255 255 255 255 255 203 125 139 122 156 175 255
255 175 255 255 255 255 255 255 255 151 230 252 131 159 153 255
255 173 255 255 255 255 255 255 254 246 154 145 222 216 173 255
255 172 251 255 255 255 255 255 185 197 148 147 202 251 172 255
255 240 176 255 255 255 255 255 255 165 123 185 246 176 240 255
255 255 198 205 255 255 255 255 255 151 123 186 205 198 255 255
255 255 255 198 176 251 255 255 255 255 251 176 198 255 255 255
255 255 255 255 240 173 173 175 175 173 172 240 255 255 255 255
255 255 255 255 255 255 255 255 255 255 255 255 255 255 255 255
255 255 255 255 255 255 255 255 255 255 255 255 255 255 255 255
255 255 255 255 240 171 172 174 174 172 171 240 255 255 255 255
255 255 255 197 175 251 255 255 255 255 251 175 197 255 255 255
255 255 197 204 255 255 255 255 195 106 153 152 204 197 255 255
255 240 175 255 255 255 255 255 254 205 177 168 236 175 240 255
255 171 251 255 255 255 255 255 255 133 222 236 251 251 171 255
255 172 255 255 255 255 255 255 156 138 131 146 185 255 172 255
255 174 255 255 255 255 255 255 255 203 125 139 122 156 174 255
255 174 255 255 255 255 255 255 255 151 230 252 131 159 151 255
255 172 255 255 255 255 255 255 254 246 154 145 222 216 172 255
255 171 251 255 255 255 255 255 185 197 148 147 202 251 171 255
255 240 175 255 255 255 255 255 255 165 123 185 246 175 240 255
255 255 197 204 255 255 255 255 255 151 123 186 204 197 255 255
255 255 255 197 175 251 255 255 255 255 251 175 197 255 255 255
255 255 255 255 240 171 172 174 174 172 171 240 255 255 255 255
255 255 255 255 255 255 255 255 255 255 255 255 255 255 255 255

255 255 255 255 255 255 255 255 255 255 255 255 255 255 255 255
255 255 255 255 241 173 174 176 154 174 173 241 255 255 255 255
255 255 255 198 177 251 255 156 159 216 251 177 198 255 255 255
255 255 198 205 236 251 185 122 131 222 202 246 205 198 255 255
255 241 177 152 168 236 146 139 252 145 147 185 186 177 241 255
255 173 251 153 177 222 131 125 230 154 148 123 123 251 173 255
255 174 255 106 205 133 138 203 151 246 197 165 151 255 174 255
255 176 255 195 254 255 156 255 255 254 185 255 255 255 176 255
255 176 255 255 255 255 255 255 255 255 255 255 255 255 176 255
255 174 255 255 255 255 255 255 255 255 255 255 255 255 175 255
255 173 251 255 255 255 255 255 255 255 255 255 255 251 173 255
255 241 177 255 255 255 255 255 255 255 255 255 255 177 241 255
255 255 198 205 255 255 255 255 255 255 255 255 205 198 255 255
255 255 255 198 177 251 255 255 255 255 251 177 198 255 255 255
255 255 255 255 240 173 174 176 176 174 173 240 255 255 255 255
255 255 255 255 255 255 255 255 255 255 255 255 255 255 255 255
255 255 255 255 255 255 255 255 255 255 255 255 255 255 255 255
255 255 255 255 240 172 173 175 153 173 172 240 255 255 255 255
255 255 255 198 176 251 255 156 159 216 251 176 198 255 255 255
255 255 198 205 236 251 185 122 131 222 202 246 205 198 255 255
255 240 176 152 168 236 146 139 252 145 147 185 186 176 240 255
255 172 251 153 177 222 131 125 230 154 148 123 123 251 172 255
255 173 255 106 205 133 138 203 151 246 197 165 151 255 173 255
255 175 255 195 254 255 156 255 255 254 185 255 255 255 175 255
255 175 255 255 255 255 255 255 255 255 255 255 255 255 175 255
255 173 255 255 255 255 255 255 255 255 255 255 255 255 173 255
255 172 251 255 255 255 255 255 255 255 255 255 255 251 173 255
255 240 176 255 255 255 255 255 255 255 255 255 255 176 240 255
255 255 198 205 255 255 255 255 255 255 255 255 205 198 255 255
255 255 255 198 176 251 255 255 255 255 251 176 198 255 255 255
255 255 255 255 240 172 173 175 175 173 172 240 255 255 255 255
255 255 255 255 255 255 255 255 255 255 255 255 255 255 255 255
255 255 255 255 255 255 255 255 255 255 255 255 255 255 255 255
255 255 255 255 240 171 172 174 151 172 171 240 255 255 255 255
255 255 255 197 175 251 255 156 159 216 251 175 197 255 255 255
255 255 197 204 236 251 185 122 131 222 202 246 204 197 255 255
255 240 175 152 168 236 146 139 252 145 147 185 186 175 240 255
255 171 251 153 177 222 131 125 230 154 148 123 123 251 171 255
255 172 255 106 205 133 138 203 151 246 197 165 151 255 172 255
255 174 255 195 254 255 156 255 255 254 185 255 255 255 174 255
255 174 255 255 255 255 255 255 255 255 255 255 255 255 174 255
255 172 255 255 255 255 255 255 255 255 255 255 255 255 172 255
255 171 251 255 255 255 255 255 255 255 255 255 255 251 171 255
255 240 175 255 255 255 255 255 255 255 255 255 255 175 240 255
255 255 197 204 255 255 255 255 255 255 255 255 204 197 255 255
255 255 255 197 175 251 255 255 255 255 251 175 197 255 255 255
255 255 255 255 240 171 172 174 174 172 171 240 255 255 255 255
255 255 255 255 255 255 255 255 255 255 255 255 255 255 255 255

255 255 255 255 255 255 255 255 255 255 255 255 255 255 255 255
255 255 255 255 241 173 174 176 176 175 173 241 255 255 255 255
255 255 255 198 177 251 255 255 255 255 251 177 198 255 255 255
255 255 198 205 186 123 151 255 255 255 255 255 205 198 255 255
255 241 177 246 185 123 165 255 255 255 255 255 255 177 240 255
255 173 251 202 147 148 197 185 255 255 255 255 255 251 173 255
255 174 216 222 145 154 246 254 255 255 255 255 255 255 174 255
255 154 159 131 252 230 151 255 255 255 255 255 255 255 176 255
255 176 156 122 139 125 203 255 255 255 255 255 255 255 176 255
255 174 255 185 146 131 138 156 255 255 255 255 255 255 174 255
255 173 251 251 236 222 133 255 255 255 255 255 255 251 173 255
255 241 177 236 168 177 205 254 255 255 255 255 255 177 240 255
255 255 198 205 152 153 106 195 255 255 255 255 205 198 255 255
255 255 255 198 177 251 255 255 255 255 251 177 198 255 255 255
255 255 255 255 241 173 174 176 176 174 173 241 255 255 255 255
255 255 255 255 255 255 255 255 255 255 255 255 255 255 255 255
255 255 255 255 255 255 255 255 255 255 255 255 255 255 255 255
255 255 255 255 240 172 173 175 175 173 173 240 255 255 255 255
255 255 255 198 176 251 255 255 255 255 251 176 198 255 255 255
255 255 198 205 186 123 151 255 255 255 255 255 205 198 255 255
255 240 176 246 185 123 165 255 255 255 255 255 255 176 240 255
255 172 251 202 147 148 197 185 255 255 255 255 255 251 172 255
255 173 216 222 145 154 246 254 255 255 255 255 255 255 173 255
255 153 159 131 252 230 151 255 255 255 255 255 255 255 175 255
255 175 156 122 139 125 203 255 255 255 255 255 255 255 175 255
255 173 255 185 146 131 138 156 255 255 255 255 255 255 173 255
255 172 251 251 236 222 133 255 255 255 255 255 255 251 172 255
255 240 176 236 168 177 205 254 255 255 255 255 255 176 240 255
255 255 198 205 152 153 106 195 255 255 255 255 205 198 255 255
255 255 255 198 176 251 255 255 255 255 251 176 198 255 255 255
255 255 255 255 240 172 173 175 175 173 172 240 255 255 255 255
255 255 255 255 255 255 255 255 255 255 255 255 255 255 255 255
255 255 255 255 255 255 255 255 255 255 255 255 255 255 255 255
255 255 255 255 240 171 172 174 174 172 171 240 255 255 255 255
255 255 255 197 175 251 255 255 255 255 251 175 197 255 255 255
255 255 197 204 186 123 151 255 255 255 255 255 204 197 255 255
255 240 175 246 185 123 165 255 255 255 255 255 255 175 240 255
255 171 251 202 147 148 197 185 255 255 255 255 255 251 171 255
255 172 216 222 145 154 246 254 255 255 255 255 255 255 172 255
255 151 159 131 252 230 151 255 255 255 255 255 255 255 174 255
255 174 156 122 139 125 203 255 255 255 255 255 255 255 174 255
255 172 255 185 146 131 138 156 255 255 255 255 255 255 172 255
255 171 251 251 236 222 133 255 255 255 255 255 255 251 171 255
255 240 175 236 168 177 205 254 255 255 255 255 255 175 240 255
255 255 197 204 152 153 106 195 255 255 255 255 204 197 255 255
255 255 255 197 175 251 255 255 255 255 251 175 197 255 255 255
255 255 255 255 240 171 172 174 174 172 171 240 255 255 255 255
255 255 255 255 255 255 255 255 255 255 255 255 255 255 255 255
