255 255 255 255 255 255 255 255 255 255 255 255 255 255 255 255
255 255 255 255 240 173 174 176 176 174 173 240 255 255 255 255
255 255 255 198 177 251 255 255 255 255 251 177 198 255 255 255
255 255 198 205 255 255 255 255 255 255 255 255 205 198 255 255
255 241 177 255 255 255 255 255 255 255 255 255 255 177 241 255
255 173 251 255 255 255 255 255 255 255 255 255 255 251 173 255
255 175 255 255 255 255 255 255 255 255 255 255 255 255 174 255
255 176 255 255 255 255 255 255 255 255 255 255 255 255 176 255
255 176 255 255 255 255 255 255 255 255 255 255 255 255 176 255
255 174 255 254 251 255 189 250 255 255 255 255 255 255 174 255
255 173 251 254 100 149 189 209 150 184 186 136 235 251 173 255
255 241 177 253 157 149 147 181 206 142 127 174 248 177 241 255
255 255 198 204 214 148 146 181 218 146 154 163 203 198 255 255
255 255 255 198 177 241 214 220 237 219 251 177 198 255 255 255
255 255 255 255 241 173 174 176 176 174 173 241 255 255 255 255
255 255 255 255 255 255 255 255 255 255 255 255 255 255 255 255
255 255 255 255 255 255 255 255 255 255 255 255 255 255 255 255
255 255 255 255 240 172 173 175 175 173 172 240 255 255 255 255
255 255 255 198 176 251 255 255 255 255 251 176 198 255 255 255
255 255 198 205 255 255 255 255 255 255 255 255 205 198 255 255
255 240 176 255 255 255 255 255 255 255 255 255 255 176 240 255
255 173 251 255 255 255 255 255 255 255 255 255 255 251 172 255
255 173 255 255 255 255 255 255 255 255 255 255 255 255 173 255
255 175 255 255 255 255 255 255 255 255 255 255 255 255 175 255
255 175 255 255 255 255 255 255 255 255 255 255 255 255 175 255
255 173 255 254 251 255 189 250 255 255 255 255 255 255 173 255
255 172 251 254 100 149 189 209 150 184 186 136 235 251 172 255
255 240 176 253 157 149 147 181 206 142 127 174 248 176 240 255
255 255 198 204 214 148 146 181 218 146 154 163 203 198 255 255
255 255 255 198 176 241 214 220 237 219 251 176 198 255 255 255
255 255 255 255 240 172 173 175 175 173 172 240 255 255 255 255
255 255 255 255 255 255 255 255 255 255 255 255 255 255 255 255
255 255 255 255 255 255 255 255 255 255 255 255 255 255 255 255
255 255 255 255 240 171 172 174 174 172 171 240 255 255 255 255
255 255 255 197 175 251 255 255 255 255 251 175 197 255 255 255
255 255 197 204 255 255 255 255 255 255 255 255 204 197 255 255
255 240 175 255 255 255 255 255 255 255 255 255 255 175 240 255
255 171 251 255 255 255 255 255 255 255 255 255 255 251 171 255
255 172 255 255 255 255 255 255 255 255 255 255 255 255 172 255
255 174 255 255 255 255 255 255 255 255 255 255 255 255 174 255
255 174 255 255 255 255 255 255 255 255 255 255 255 255 174 255
255 172 255 254 251 255 189 250 255 255 255 255 255 255 172 255
255 171 251 254 100 149 189 209 150 184 186 136 235 251 171 255
255 240 175 253 157 149 147 181 206 142 127 174 248 175 240 255
255 255 197 203 214 148 146 181 218 146 154 163 202 197 255 255
255 255 255 197 175 241 214 220 237 219 251 175 197 255 255 255
255 255 255 255 240 171 172 174 174 172 171 240 255 255 255 255
255 255 255 255 255 255 255 255 255 255 255 255 255 255 255 255

255 255 255 255 255 255 255 255 255 255 255 255 255 255 255 255
255 255 255 255 241 173 174 176 176 174 173 241 255 255 255 255
255 255 255 198 177 251 255 255 255 255 251 177 198 255 255 255
255 255 198 205 255 255 255 255 255 255 235 248 203 198 255 255
255 240 177 255 255 255 255 255 255 255 136 174 163 177 241 255
255 173 251 255 255 255 255 255 255 255 186 127 154 251 173 255
255 174 255 255 255 255 255 255 255 255 184 142 146 219 174 255
255 176 255 255 255 255 255 255 255 255 150 206 218 237 176 255
255 176 255 255 255 255 255 255 255 250 209 181 181 220 176 255
255 174 255 255 255 255 255 255 255 189 189 147 146 214 174 255
255 173 251 255 255 255 255 255 255 255 149 149 148 241 173 255
255 240 177 255 255 255 255 255 255 251 100 157 214 177 241 255
255 255 198 205 255 255 255 255 255 254 254 253 204 198 255 255
255 255 255 198 177 251 255 255 255 255 251 177 198 255 255 255
255 255 255 255 241 173 175 176 176 174 173 241 255 255 255 255
255 255 255 255 255 255 255 255 255 255 255 255 255 255 255 255
255 255 255 255 255 255 255 255 255 255 255 255 255 255 255 255
255 255 255 255 240 172 173 175 175 173 172 240 255 255 255 255
255 255 255 198 176 251 255 255 255 255 251 176 198 255 255 255
255 255 198 205 255 255 255 255 255 255 235 248 203 198 255 255
255 240 176 255 255 255 255 255 255 255 136 174 163 176 240 255
255 172 251 255 255 255 255 255 255 255 186 127 154 251 172 255
255 173 255 255 255 255 255 255 255 255 184 142 146 219 173 255
255 175 255 255 255 255 255 255 255 255 150 206 218 237 175 255
255 175 255 255 255 255 255 255 255 250 209 181 181 220 175 255
255 173 255 255 255 255 255 255 255 189 189 147 146 214 173 255
255 172 251 255 255 255 255 255 255 255 149 149 148 241 172 255
255 240 176 255 255 255 255 255 255 251 100 157 214 176 240 255
255 255 198 205 255 255 255 255 255 254 254 253 204 198 255 255
255 255 255 198 176 251 255 255 255 255 251 176 198 255 255 255
255 255 255 255 240 173 173 175 175 173 172 240 255 255 255 255
255 255 255 255 255 255 255 255 255 255 255 255 255 255 255 255
255 255 255 255 255 255 255 255 255 255 255 255 255 255 255 255
255 255 255 255 240 171 172 174 174 172 171 240 255 255 255 255
255 255 255 197 175 251 255 255 255 255 251 175 197 255 255 255
255 255 197 204 255 255 255 255 255 255 235 248 202 197 255 255
255 240 175 255 255 255 255 255 255 255 136 174 163 175 240 255
255 171 251 255 255 255 255 255 255 255 186 127 154 251 171 255
255 172 255 255 255 255 255 255 255 255 184 142 146 219 172 255
255 174 255 255 255 255 255 255 255 255 150 206 218 237 174 255
255 174 255 255 255 255 255 255 255 250 209 181 181 220 174 255
255 172 255 255 255 255 255 255 255 189 189 147 146 214 172 255
255 171 251 255 255 255 255 255 255 255 149 149 148 241 171 255
255 240 175 255 255 255 255 255 255 251 100 157 214 175 240 255
255 255 197 204 255 255 255 255 255 254 254 253 203 197 255 255
255 255 255 197 175 251 255 255 255 255 251 175 197 255 255 255
255 255 255 255 240 171 172 174 174 172 171 240 255 255 255 255
255 255 255 255 255 255 255 255 255 255 255 255 255 255 255 255

255 255 255 255 255 255 255 255 255 255 255 255 255 255 255 255
255 255 255 255 241 173 174 176 176 174 173 241 255 255 255 255
255 255 255 198 177 251 219 237 220 214 241 177 198 255 255 255
255 255 198 203 163 154 146 218 181 146 148 214 204 198 255 255
255 241 177 248 174 127 142 206 181 147 149 157 253 177 241 255
255 173 251 235 136 186 184 150 209 189 149 100 254 251 173 255
255 174 255 255 255 255 255 255 250 189 255 251 254 255 174 255
255 176 255 255 255 255 255 255 255 255 255 255 255 255 176 255
255 176 255 255 255 255 255 255 255 255 255 255 255 255 176 255
255 174 255 255 255 255 255 255 255 255 255 255 255 255 175 255
255 173 251 255 255 255 255 255 255 255 255 255 255 251 173 255
255 241 177 255 255 255 255 255 255 255 255 255 255 177 241 255
255 255 198 205 255 255 255 255 255 255 255 255 205 198 255 255
255 255 255 198 177 251 255 255 255 255 251 177 198 255 255 255
255 255 255 255 240 173 174 176 176 174 173 240 255 255 255 255
255 255 255 255 255 255 255 255 255 255 255 255 255 255 255 255
255 255 255 255 255 255 255 255 255 255 255 255 255 255 255 255
255 255 255 255 240 172 173 175 175 173 172 240 255 255 255 255
255 255 255 198 176 251 219 237 220 214 241 176 198 255 255 255
255 255 198 203 163 154 146 218 181 146 148 214 204 198 255 255
255 240 176 248 174 127 142 206 181 147 149 157 253 176 240 255
255 172 251 235 136 186 184 150 209 189 149 100 254 251 172 255
255 173 255 255 255 255 255 255 250 189 255 251 254 255 173 255
255 175 255 255 255 255 255 255 255 255 255 255 255 255 175 255
255 175 255 255 255 255 255 255 255 255 255 255 255 255 175 255
255 173 255 255 255 255 255 255 255 255 255 255 255 255 173 255
255 172 251 255 255 255 255 255 255 255 255 255 255 251 173 255
255 240 176 255 255 255 255 255 255 255 255 255 255 176 240 255
255 255 198 205 255 255 255 255 255 255 255 255 205 198 255 255
255 255 255 198 176 251 255 255 255 255 251 176 198 255 255 255
255 255 255 255 240 172 173 175 175 173 172 240 255 255 255 255
255 255 255 255 255 255 255 255 255 255 255 255 255 255 255 255
255 255 255 255 255 255 255 255 255 255 255 255 255 255 255 255
255 255 255 255 240 171 172 174 174 172 171 240 255 255 255 255
255 255 255 197 175 251 219 237 220 214 241 175 197 255 255 255
255 255 197 202 163 154 146 218 181 146 148 214 203 197 255 255
255 240 175 248 174 127 142 206 181 147 149 157 253 175 240 255
255 171 251 235 136 186 184 150 209 189 149 100 254 251 171 255
255 172 255 255 255 255 255 255 250 189 255 251 254 255 172 255
255 174 255 255 255 255 255 255 255 255 255 255 255 255 174 255
255 174 255 255 255 255 255 255 255 255 255 255 255 255 174 255
255 172 255 255 255 255 255 255 255 255 255 255 255 255 172 255
255 171 251 255 255 255 255 255 255 255 255 255 255 251 171 255
255 240 175 255 255 255 255 255 255 255 255 255 255 175 240 255
255 255 197 204 255 255 255 255 255 255 255 255 204 197 255 255
255 255 255 197 175 251 255 255 255 255 251 175 197 255 255 255
255 255 255 255 240 171 172 174 174 172 171 240 255 255 255 255
255 255 255 255 255 255 255 255 255 255 255 255 255 255 255 255

255 255 255 255 255 255 255 255 255 255 255 255 255 255 255 255
255 255 255 255 241 173 174 176 176 175 173 241 255 255 255 255
255 255 255 198 177 251 255 255 255 255 251 177 198 255 255 255
255 255 198 204 253 254 254 255 255 255 255 255 205 198 255 255
255 241 177 214 157 100 251 255 255 255 255 255 255 177 240 255
255 173 241 148 149 149 255 255 255 255 255 255 255 251 173 255
255 174 214 146 147 189 189 255 255 255 255 255 255 255 174 255
255 176 220 181 181 209 250 255 255 255 255 255 255 255 176 255
255 176 237 218 206 150 255 255 255 255 255 255 255 255 176 255
255 174 219 146 142 184 255 255 255 255 255 255 255 255 174 255
255 173 251 154 127 186 255 255 255 255 255 255 255 251 173 255
255 241 177 163 174 136 255 255 255 255 255 255 255 177 240 255
255 255 198 203 248 235 255 255 255 255 255 255 205 198 255 255
255 255 255 198 177 251 255 255 255 255 251 177 198 255 255 255
255 255 255 255 241 173 174 176 176 174 173 241 255 255 255 255
255 255 255 255 255 255 255 255 255 255 255 255 255 255 255 255
255 255 255 255 255 255 255 255 255 255 255 255 255 255 255 255
255 255 255 255 240 172 173 175 175 173 173 240 255 255 255 255
255 255 255 198 176 251 255 255 255 255 251 176 198 255 255 255
255 255 198 204 253 254 254 255 255 255 255 255 205 198 255 255
255 240 176 214 157 100 251 255 255 255 255 255 255 176 240 255
255 172 241 148 149 149 255 255 255 255 255 255 255 251 172 255
255 173 214 146 147 189 189 255 255 255 255 255 255 255 173 255
255 175 220 181 181 209 250 255 255 255 255 255 255 255 175 255
255 175 237 218 206 150 255 255 255 255 255 255 255 255 175 255
255 173 219 146 142 184 255 255 255 255 255 255 255 255 173 255
255 172 251 154 127 186 255 255 255 255 255 255 255 251 172 255
255 240 176 163 174 136 255 255 255 255 255 255 255 176 240 255
255 255 198 203 248 235 255 255 255 255 255 255 205 198 255 255
255 255 255 198 176 251 255 255 255 255 251 176 198 255 255 255
255 255 255 255 240 172 173 175 175 173 172 240 255 255 255 255
255 255 255 255 255 255 255 255 255 255 255 255 255 255 255 255
255 255 255 255 255 255 255 255 255 255 255 255 255 255 255 255
255 255 255 255 240 171 172 174 174 172 171 240 255 255 255 255
255 255 255 197 175 251 255 255 255 255 251 175 197 255 255 255
255 255 197 203 253 254 254 255 255 255 255 255 204 197 255 255
255 240 175 214 157 100 251 255 255 255 255 255 255 175 240 255
255 171 241 148 149 149 255 255 255 255 255 255 255 251 171 255
255 172 214 146 147 189 189 255 255 255 255 255 255 255 172 255
255 174 220 181 181 209 250 255 255 255 255 255 255 255 174 255
255 174 237 218 206 150 255 255 255 255 255 255 255 255 174 255
255 172 219 146 142 184 255 255 255 255 255 255 255 255 172 255
255 171 251 154 127 186 255 255 255 255 255 255 255 251 171 255
255 240 175 163 174 136 255 255 255 255 255 255 255 175 240 255
255 255 197 202 248 235 255 255 255 255 255 255 204 197 255 255
255 255 255 197 175 251 255 255 255 255 251 175 197 255 255 255
255 255 255 255 240 171 172 174 174 172 171 240 255 255 255 255
255 255 255 255 255 255 255 255 255 255 255 255 255 255 255 255
